10000000000000000000000000010000
10000000000000000000000000010000
10000000000000000000000000010000
10000000000000000000000000010000
10000000000000000000000000010000
11111111111111111111111111111111
00000000000000000000000000000000
00000000000000000000000000000000
00000000010001000000000000000000
00000000000000000000000000000000
00000000000000001000000000000000
00000000000000000000000000000000
00000000000000000000000000000000
00000000000010100000000000000000
00000000000000000000000000000000
00000000000000000000000000000000
00000000000000000000000000000000
00000000000000000000000000000000
00000000000000000000000000000000
00000000000000000000000000000000
00000000000000000000000000000000
00000000000000000000000000000000
00000000000000000000000000000000
00000000000000000000000000000000
